600227
601107
000680
000408
600665
300179
601377
600369
600217
600208
002500
000721
601628
601099
600999
600705
600639
600113
002596
002337
000686
000018
601788
601336
600030
002013
000783
000776
000728
600266
002673
000582
600895
600837
600593
600491
002343
601901
000767
600710
601555
000712
002469
601688
000750
600694
600109
601186
600173
600663
600888
600396
601601
000623
000024
000528
000046
000685
002059
600150
600287
600466
000563
600769
600061
600611
000610
600784
600063
601318
002247
000022
600310
600614
600783
600685
600133
600368
300122
300233
002102
600096
601818
002491
300089
000543
600284
600739
000877
600390
300034
600037
601100
000798
600881
600650
000402
000069
600171
002318
600291
000656
600185
600867
600211
002221
600648
300228
600717
600259
600177
600155
000732
002228
600871
600811
600385
601998
002182
600733
600271
000702
000002
600381
600282
600182
600249
002672
600278
600305
600145
600816
600048
000801
000153
600052
600515
000850
600295
600643
600191
000671
002232
600325
000027
600616
000949
600969
002622
002011
600383
600168
600606
600635
300267
600629
601890
000540
600064
002446
000613
600641
600106
002303
000088
002368
000875
601390
000031
000531
002421
600836
002089
601113
601008
600435
002662
002648
000828
600706
600039
601328
000822
300048
600036
600029
601588
600009
300059
601166
600221
000917
002074
600738
600621
002501
000039
600530
300033
000410
000933
300250
000936
000800
000572
000612
600549
002375
600115
600827
600000
600735
600975
600123
601398
601288
000780
600651
000835
600223
300100
601111
002302
002642
002371
600675
600395
600270
000951
002142
600107
300173
600715
000525
603993
600246
300162
600283
601098
600425
600015
002081
002455
000979
600979
600818
002425
002174
600068
600376
002223
600655
600099
000931
600104
002304
601188
000768
600012
600637
600851
600098
600418
600533
600021
600736
300242
000401
601777
601009
600642
600302
600050
002019
002320
601169
600741
300398
600832
002568
601929
002684
000989
000987
600765
300251
002555
000748
000539
601233
601088
600536
300002
000630
000429
002250
300120
002002
600628
601857
600421
300008
600020
000679
600028
000669
300199
300226
002092
000001
601699
300106
000937
600644
000792
000782
600859
002154
000898
600823
002390
000725
600897
002522
601988
600362
000537
601218
600971
300124
600122
000592
000928
600522
000415
600755
300078
600862
600719
002140
600269
600033
600156
000985
300352
300003
002415
000983
600130
601939
600676
600213
601666
600660
300253
600689
000830
000005
300107
600830
600449
600366
600322
002347
000930
000089
002307
002519
600743
600577
600824
600111
000037
601899
601101
000545
002412
000661
000507
600235
002146
000526
600311
600019
002060
600510
600031
000697
000333
002085
600748
600306
002117
600159
000812
600638
002209
002202
002403
600806
600883
600007
002175
600578
600201
600997
002536
600498
002569
002465
600018
000952
000682
601518
600647
600377
600335
002462
002248
000040
600489
002031
000890
000014
601880
600785
600546
600803
000929
600350
600753
002266
601006
600508
600860
600633
600316
000963
000926
600170
002419
601168
600456
002301
002244
600887
600571
000733
000726
300329
300095
600992
300091
002094
000999
000902
000065
601607
600604
002632
002149
000629
600188
000553
601126
600720
002471
000793
600556
600782
600778
300282
300145
000709
000060
002051
000423
300109
000028
600017
002395
601898
002040
000617
600880
600845
600550
000652
000011
000969
000813
600561
600178
002582
002563
000932
600674
600153
002039
600267
000825
600279
300367
600791
600272
300271
600209
000547
002404
601018
600548
600261
300345
002561
600507
000681
000006
000869
000655
600695
002641
600963
600750
600308
002189
000738
603167
601888
600796
000601
600475
002219
000960
000036
600896
600531
600429
600340
600004
002222
002181
002080
601727
600724
600708
000961
000885
601958
002373
002033
600408
600361
600149
300111
000900
000899
300407
002703
002686
000878
600248
000029
600222
600038
002424
000625
601012
600196
600057
002639
600988
600320
300270
002628
002292
000905
600838
600751
600239
600097
300287
300133
600503
600309
600006
002339
000651
600301
000626
600016
000758
000042
600497
600831
002399
000803
600252
000157
600688
600128
000608
000589
600970
600010
002448
000690
600630
600005
002670
000807
600828
300202
601339
002394
600658
300289
000736
601001
600834
600592
002651
002056
000838
601333
002256
600698
600432
600225
600192
600059
300190
000965
600826
000975
000667
000422
601139
600452
600190
002057
000861
002716
000532
600566
600461
300272
002378
002200
000925
000100
600839
600780
002515
000425
600289
600162
600022
300015
600781
600215
002237
002201
002141
000778
600877
600622
002423
002285
601789
600081
002733
002216
600397
002575
600380
300395
002162
002032
600980
600067
600792
300320
000753
601877
600502
002414
002346
000552
000012
002400
002319
600679
000576
000159
600268
600186
300092
300055
300027
002454
000628
000597
600682
002691
000755
600712
600547
002365
002210
002064
000420
002161
600692
600590
600331
002498
002165
000833
000720
600696
600258
000826
600372
300227
000889
000607
000524
600121
000739
000503
600169
600053
300210
002349
000338
601618
002674
600873
002043
603456
600496
600228
600219
000034
002028
002007
002286
000993
000971
000962
600387
600210
002024
000981
000779
601992
600667
300274
002251
002169
002128
600285
000786
002413
002293
000978
000707
600982
600519
600082
300363
300167
002357
002195
600486
600008
002294
000916
603188
601886
601007
600600
002511
601918
600874
600572
600415
600351
002598
002340
002299
600993
600463
000858
000795
600299
300024
002259
002120
000409
601225
600356
600141
002426
002356
000536
600690
300105
601801
600382
002186
600101
000935
000430
600165
601866
600802
600477
002625
000785
600662
603126
600825
600645
000737
000683
600787
600166
600088
600062
300123
300068
000968
000895
000650
000638
603000
601989
002571
002490
002545
002048
000909
601003
300157
600505
002004
600666
600529
600513
000918
600256
002502
600889
600684
600459
002260
000863
600810
600023
300246
002618
002058
000023
600886
600609
600551
600060
000970
601137
600567
300045
002428
002119
000050
601369
600864
002489
600846
600112
300029
002416
600893
300375
300305
000631
600617
600528
300172
002557
600054
600861
600146
000605
000030
600857
300218
300187
300071
002610
002206
000600
600317
300225
002576
000886
600587
600516
600398
002330
000762
000635
000007
601799
600416
600300
002431
601005
600602
600011
002690
002434
002238
601616
600770
600089
300257
300135
300010
002072
600545
300255
002267
000502
600848
600212
002521
002185
603333
601633
600697
600526
002653
002604
002183
600727
002607
002409
000599
600265
300217
002429
002109
600973
600900
600501
600100
300194
002308
002252
002126
000868
000151
000004
600610
000881
600367
300328
002316
000587
600193
600051
002591
002110
000511
601116
600555
000818
600485
600391
002532
002218
002029
000927
600805
002408
000880
000692
000665
600683
600373
002514
002133
000657
601919
600330
002597
002385
601388
600620
600360
600200
600180
300240
002460
600527
600337
300005
000922
000802
000688
000158
000009
601717
600172
600066
002038
000400
600798
600596
600500
600070
002327
002179
000756
601231
600966
600691
600083
300284
002543
002203
600581
600230
600116
300387
002348
000893
600758
600275
300019
002261
000908
000636
600804
600353
600276
002402
000568
601798
600298
600071
300075
002145
002054
000407
600961
300355
002566
002422
002381
002166
002065
000150
600962
600872
600518
600132
002389
000505
601800
600740
600078
300349
300065
000611
600746
600393
002114
000048
601700
600995
600847
600657
300304
000953
600868
300154
300138
002718
002485
000550
000043
000021
600535
600313
600055
300040
002578
000837
601567
600582
600137
300311
002450
002315
000416
603019
600756
600307
600086
300403
300222
002711
000829
600985
600721
300346
002273
002271
000948
000529
603018
600189
600093
600080
300393
600734
600439
600069
300354
300206
300070
002003
002001
000876
000541
002687
002658
002457
002353
002196
000839
000761
000571
603399
600336
600216
300334
002554
002537
002336
000513
600760
600686
600319
600120
002254
601600
600821
600812
600800
600084
002160
002107
000603
600875
600237
300165
300146
002313
000789
000695
600355
002191
000565
000421
000058
600242
300386
300385
002623
002372
000417
000404
600884
600882
600822
600594
600523
600226
002637
002504
002208
002127
600664
600343
002615
002435
002430
002233
002010
000068
600885
600251
300392
002572
002317
000672
600775
002384
002374
002290
002278
000530
601566
600894
600843
600817
600615
600375
600206
600197
300397
300180
300171
300130
002678
002352
002187
002130
000701
600976
600521
600114
300158
300108
002614
002494
002466
002268
002091
600198
600056
300357
300266
002481
300148
300384
300058
002279
603889
603788
603636
603588
603017
603008
603003
601766
601668
601558
601519
601311
601299
601216
601208
601199
601021
601016
600986
600984
600981
600978
600892
600876
600844
600808
600801
600777
600767
600766
600761
600759
600757
600754
600749
600745
600744
600725
600716
600714
600713
600704
600701
600681
600677
600656
600653
600649
600623
600619
600585
600584
600580
600575
600569
600565
600552
600520
600509
600490
600488
600487
600478
600469
600468
600458
600448
600428
600423
600422
600399
600379
600371
600365
600349
600332
600329
600318
600288
600273
600250
600241
600240
600238
600236
600234
600231
600220
600207
600203
600202
600183
600179
600129
600126
600125
600110
600105
600103
600091
600090
600076
600035
600027
300412
300411
300410
300372
300370
300362
300361
300359
300350
300347
300343
300342
300338
300332
300324
300319
300317
300315
300313
300309
300296
300295
300292
300278
300268
300263
300252
300248
300247
300244
300238
300237
300216
300208
300196
300192
300183
300170
300160
300159
300156
300153
300144
300143
300140
300136
300126
300119
300112
300081
300073
300063
300051
300028
300025
300018
300014
300011
300009
002738
002737
002736
002728
002721
002720
002710
002693
002683
002681
002675
002668
002663
002659
002652
002647
002645
002634
002620
002617
002608
002602
002600
002592
002577
002567
002565
002562
002558
002552
002533
002531
002529
002528
002525
002517
002512
002509
002507
002482
002480
002473
002464
002453
002451
002442
002439
002437
002411
002405
002396
002387
002386
002359
002354
002351
002335
002334
002332
002331
002329
002328
002324
002323
002322
002312
002298
002270
002257
002235
002217
002213
002211
002207
002184
002180
002178
002173
002172
002171
002170
002168
002157
002156
002155
002152
002137
002135
002131
002123
002103
002100
002098
002096
002082
002075
002071
002070
002050
002044
002021
002018
002015
002009
002006
000996
000995
000991
000982
000977
000976
000967
000959
000938
000920
000906
000897
000883
000852
000831
000821
000819
000811
000796
000791
000766
000729
000719
000717
000715
000708
000698
000687
000678
000677
000676
000668
000663
000662
000639
000633
000627
000619
000616
000615
000609
000591
000590
000586
000584
000570
000564
000562
000558
000557
000544
000533
000523
000514
000509
000506
000504
000501
000498
000488
000428
000426
000419
000413
000411
000096
000090
000078
000070
000066
000035
000033
000020
000010
000008
300405
600420
300409
300300
601808
300340
002281
300161
300006
002702
002606
002539
002527
603369
600167
000156
300224
300127
300039
002277
002035
000700
601928
601908
600960
002112
002022
600598
600563
600151
002309
002025
001896
000923
000790
000538
601158
600348
002496
000860
000759
600819
600723
002697
002362
002241
002158
601669
600558
600511
002643
002573
002530
002468
000595
600668
300197
002701
603699
600482
600470
600467
300207
300082
002723
002546
002508
002472
002438
300379
300155
300064
000913
600854
600742
300368
300062
002493
002483
002333
601106
600386
300294
300219
002676
002047
002042
000518
601678
600406
300193
300151
002570
002164
002129
000972
603288
603077
600680
300297
300293
300054
002484
000566
600729
600726
300356
300221
300057
002510
002477
002382
002087
300408
002486
002287
002224
000418
600512
300337
300213
002731
002345
002014
600898
600094
600079
002078
000722
600570
300102
601999
002635
002264
603128
300149
002194
000919
000403
000063
600768
002144
000155
002708
002246
002240
000912
600652
600290
002393
002212
000620
603806
300209
002479
002295
002093
600460
300052
300016
000061
600297
300307
002263
002090
601996
600352
002478
002243
000915
000056
600853
600833
600400
600195
300214
300203
300004
002159
002150
002134
000815
000632
600790
600117
300260
002725
002547
002516
603306
600493
300243
300093
000534
000025
601179
002542
002344
002310
002463
002083
600773
600608
300204
300176
002586
002505
600703
002732
002638
002377
600891
600560
600537
600157
300390
300099
002717
002698
600987
600426
300142
002627
002420
002376
002205
600389
600119
600075
300079
300074
002269
002192
600776
600345
300291
300032
002447
002407
002063
002016
000703
600983
600820
600718
600409
300298
300017
002417
002311
002073
002036
000966
000718
603099
601258
600774
600626
600595
002574
002406
002380
601000
600586
600403
600232
002236
002084
000016
600419
002364
002275
000752
000622
600793
600199
300186
300031
000691
600764
300288
300067
002397
603609
600525
300104
002551
000581
601608
601058
600257
300286
002449
002138
000554
603368
603328
600835
300220
002595
002300
002234
000731
000017
601933
601636
300132
002609
002272
000997
000596
600436
002633
000903
603988
600557
600255
300094
002549
000816
000519
600597
600280
002410
002283
000521
600506
002695
002661
002524
002355
002005
600073
300164
300113
002534
002487
002369
000735
603766
600722
600444
600333
300042
002616
002601
002231
600576
600315
300351
300012
002440
000973
000777
600863
600732
600358
600229
002108
601118
002705
002646
000751
300080
002696
000026
601238
300261
300185
002245
002106
000988
600405
600118
300388
002262
002225
000910
600636
300312
002379
002111
000859
601599
600737
600152
000673
600866
300026
002008
600303
002097
002023
000585
000561
603366
600532
600326
600312
002338
000038
600661
600613
600481
002644
002061
000606
000546
600175
002383
002069
002067
600779
600640
000019
603518
600260
300277
300020
002682
002677
002342
002242
000862
000823
000059
600579
600135
002709
002593
002118
002079
000301
600281
300141
002719
002398
002358
300083
000716
603001
600480
600479
002284
000659
600476
600247
300128
300110
002427
000049
600807
600601
300280
002605
002077
603009
300310
300249
300101
002456
002121
603002
002541
002289
600338
600131
000705
601515
600917
600160
300175
002432
000598
601011
600730
002636
002497
000806
000551
600858
600499
300306
002475
600138
300358
300129
000760
600998
600293
002553
002388
000921
000848
601872
600671
300276
300163
600540
300239
300116
002621
002199
600731
002559
002492
000882
600965
600588
300326
300090
000820
603998
600990
002726
002713
002685
002603
002476
002230
002045
601177
600218
300406
300022
002580
002452
000573
601965
600634
002692
002665
002474
002220
002193
000593
603308
600711
600483
600363
300254
300232
300205
300118
002548
000693
600262
603168
601313
300117
002499
002265
002197
300380
300041
002712
002459
002027
002564
000957
300125
002594
002361
002350
000788
600795
600321
600139
300001
002612
000851
600328
000887
002163
600618
002730
300245
300131
002470
002258
002104
300234
300152
603100
600693
300236
300137
300086
002125
002026
000666
603111
600233
300335
002296
600589
600243
000939
600879
600538
600388
300215
300007
002314
002066
000980
000911
603555
600583
300344
300077
300021
002671
002274
600699
600654
600438
002656
002049
002020
601969
600539
600058
300400
002215
300115
300047
002288
002122
000559
300241
002136
002068
603006
300302
300229
300184
300177
002729
002655
002366
000856
600702
600158
300325
300303
002669
002441
300341
600865
300383
002630
600370
600127
300195
600148
002518
002282
600143
300088
000950
300201
002722
002030
601718
600339
300134
002370
600814
600605
300382
300072
300066
601677
600517
300402
002694
002037
300013
002360
000062
603010
601579
600967
002086
001696
300353
002177
002724
002012
600890
300230
002513
002115
600176
300365
002467
002095
000955
600794
300061
002188
000727
600568
002585
002214
000567
600841
600603
600292
002688
002325
002017
601117
600809
002583
002458
000892
300373
300211
002198
300200
002650
600815
300275
002143
002076
002679
000810
000797
300147
600108
002664
002660
002444
601002
600346
002624
002535
300396
002735
300336
002291
002139
601038
002550
000099
300174
002433
002147
300150
300181
300035
002116
300191
300087
002613
600678
600359
300096
002727
002680
600763
600495
600323
300327
002584
300258
002631
002167
600378
600187
002418
002190
300076
002626
300285
002088
600771
300314
002654
002445
002227
002148
000888
300322
300023
002629
002461
600869
600354
300399
300235
300316
300330
000990
300044
002276
002253
000032
603606
002579
002249
600095
600543
002556
601015
300050
002666
002649
600829
600462
300401
002526
000723
600085
300103
002581
002055
000510
600026
002538
300391
002560
000799
002062
300212
300188
300053
002229
002041
603088
300259
300121
002176
002124
300308
002689
002391
002619
600599
000637
600136
300366
002297
002707
002099
002046
300323
002153
002101
000836
600455
600163
002588
002520
002034
600433
300333
601222
300036
002706
600184
601028
300262
002589
603688
002321
601991
600612
300376
300273
300231
600161
300389
300369
000998
000901
600870
002503
600797
002363
000711
000958
002590
000560
000516
002523
300178
002700
002401
300348
300283
300360
300256
300097
000548
600855
300139
002611
603123
002544
300223
002436
600559
600392
300189
002105
600747
300371
002226
600074
300046
300030
002715
000555
600728
601226
300281
600707
002640
002392
002052
002488
600401
300049
002587
600327
300169
002443
300339
600410
300168
300318
300299
603169
002053
002132
300301
600673
300198
000809
300264
002699
601010
300037
600850
600072
000517
002667
002204
000710
300377
300114
002540
002657
300098
002599
002367
600446
000045
002280
300038
600562
300069
603011
000713
603005
300265
300321
300056
002714
002326
600573
300290
300043
600687
002495
300381
600789
002306
300331
000757
300378
002239
300085
000055
002305
300182
600856
600277
300084
600077
002341
300269
603166
300279
300166
002255
000670
600624
002151
002113

